NoOfEntities:    158
NoOfRooms:       131
NoOfConstraints: 272

ENTITIES
      0      9           6
      1     13           6
      2      5           6
      3      2        13.5
      4     13           6
      5     10           9
      6      0          20
      7      3          18
      8      3        13.5
      9      3          36
     10      3          12
     11      3          20
     12      3        13.5
     13      3          54
     14      3          36
     15      3          12
     16      5           6
     17      1          18
     18      1          18
     19      2           9
     20      7           6
     21      8          18
     22      5          18
     23     10       20.25
     24      0          18
     25      0           4
     26      0           4
     27      0           4
     28      0          54
     29      5          24
     30      0          12
     31      0          12
     32      0          12
     33      0          12
     34      0          84
     35      7       20.25
     36      1       20.25
     37      7           9
     38      2           6
     39      5           9
     40     13           6
     41      7           6
     42      0         128
     43      0           4
     44      0           4
     45      0          18
     46      0          54
     47      2       20.25
     48     15        13.5
     49     10       20.25
     50      2           6
     51      0          13
     52     12        13.5
     53     11          18
     54      0          18
     55      0          18
     56      0          18
     57      0          80
     58      9          18
     59      2          18
     60      9           6
     61      5           9
     62      7          18
     63      5           9
     64      5           6
     65      5           9
     66      5           6
     67      0          70
     68      0          40
     69      0          70
     70     15        13.5
     71      7           6
     72      2           9
     73      5           6
     74      5           9
     75     12        13.5
     76      8          18
     77     15        13.5
     78      0         437
     79     12        13.5
     80      7       20.25
     81     10          18
     82      5           9
     83      5           6
     84      7           6
     85      4       20.25
     86      5           6
     87      1           6
     88      0          18
     89      0          18
     90      0          18
     91      0          20
     92      0          20
     93      6           6
     94      9          18
     95     15        13.5
     96      0          36
     97      0          18
     98      0          18
     99      0          18
    100      9           6
    101      2          18
    102      0       20.25
    103      7           9
    104     10           6
    105      9       20.25
    106      1           6
    107      5           6
    108      5           9
    109      2           6
    110      2           6
    111      0          24
    112      0          18
    113      0          36
    114      0          36
    115      0          12
    116     12        13.5
    117      5       20.25
    118     12        13.5
    119      2          18
    120      7           9
    121     12          13
    122      0          54
    123      0          34
    124      0          34
    125      0          72
    126      0          72
    127      0          20
    128      0           4
    129      0          18
    130      0       20.25
    131      0       20.25
    132      0          18
    133      0          18
    134      0          54
    135      0          18
    136      8          18
    137      5           6
    138      1          18
    139      8          18
    140      0          12
    141      0          14
    142      0          12
    143      0          18
    144      0         380
    145     14          18
    146     14          18
    147     14          18
    148     14          27
    149     14          27
    150     14          34
    151     15          18
    152      0        13.5
    153     15        13.5
    154      1           6
    155      0          18
    156     15        13.5
    157     12        13.5

ROOMS
      0      0          27      4   1   2   3   4
      1      0        18.3      2   0   2
      2      0        18.3      4   0   1   3   4
      3      0          27      5   0   2   4   5   9
      4      0        34.6      5   0   2   3   5   9
      5      0        13.5      4   3   4   6   9
      6      0        13.5      3   5   7   9
      7      0        13.5      4   6   8   9  10
      8      0        13.5      5   7   9  10  11  12
      9      0          54      7   3   4   5   6   7   8  10
     10      0        13.5      5   7   8   9  11  12
     11      0        34.6      6   8  10  12  13  14  15
     12      0        13.5      4   8  10  11  13
     13      0          39      3  11  12  14
     14      0        18.3      3  11  13  15
     15      0        18.3      2  11  14
     16      0        82.5      4  17  18  19  20
     17      0        13.5      4  16  18  20  21
     18      0        34.6      5  16  17  19  20  21
     19      0        34.6      3  16  18  21
     20      0        13.5      4  16  17  18  21
     21      0         380      4  17  18  19  20
     22      0        12.6      2  25  24
     23      0        12.6      2  26  27
     24      0         4.2      2  22  25
     25      0        18.3      2  22  24
     26      0         4.2      2  23  27
     27      0        18.3      2  23  26
     28      0       437.4      0
     29      1       20.25      3  30  33  46
     30      1       20.25      4  29  31  33  46
     31      1       20.25      4  30  32  45  46
     32      1       20.25      3  31  45  46
     33      1        13.5      4  29  30  34  46
     34      1        13.5      3  33  35  46
     35      1        40.5      4  34  36  46  47
     36      1        13.5      5  35  37  46  47  48
     37      1          54      3  36  47  48
     38      1        12.6      2  49  50
     39      1        12.6      2  51  52
     40      1          27      3  41  47  48
     41      1        40.5      5  40  42  46  47  48
     42      1        13.5      4  41  43  46  47
     43      1          27      4  42  44  46  47
     44      1        13.5      3  43  45  46
     45      1        13.5      4  31  32  44  46
     46      1        83.5     14  29  30  31  32  33  34  35  36  41  42  43  44  45  47
     47      1          18      9  35  36  37  40  41  42  43  46  48
     48      1          72      5  36  37  40  41  47
     49      1         4.2      2  38  50
     50      1        18.3      2  38  49
     51      1         4.2      2  39  52
     52      1        18.3      2  39  51
     53      1        18.3      3  54  56  57
     54      1        18.3      4  53  55  56  57
     55      1        18.3      2  54  57
     56      1        13.5      4  53  54  57  58
     57      1          36      7  53  54  55  56  58  59  60
     58      1        13.5      4  56  57  59  60
     59      1        13.5      5  57  58  60  61  62
     60      1        18.3      5  57  58  59  61  62
     61      1          27      4  59  60  62  63
     62      1         127      6  59  60  61  63  64  65
     63      1          27      3  61  62  64
     64      1        40.5      3  62  63  65
     65      1        30.6      3  62  64  66
     66      1        14.5      1  65
     67      2          54      2  68  69
     68      2          18      4  67  69  70  71
     69      2        13.5      4  67  68  70  71
     70      2          18      5  68  69  71  72  73
     71      2        13.5      5  68  69  70  72  73
     72      2          18      5  70  71  73  74  75
     73      2        13.5      5  70  71  72  74  75
     74      2          18      5  72  73  75  76  77
     75      2        13.5      5  72  73  74  76  77
     76      2        70.8      6  74  75  77  78  79  80
     77      2          20      4  74  75  76  78
     78      2          20      3  76  77  80
     79      2        70.8      3  76  80  81
     80      2        40.5      4  76  78  79  81
     81      2          27      2  79  80
     82      2       20.25      3  83  86 102
     83      2       20.25      4  82  84  86 102
     84      2       20.25      4  83  85 101 102
     85      2       20.25      3  84 101 102
     86      2        18.3      4  82  83  87 102
     87      2        18.3      4  86  88 102 103
     88      2        13.5      3  87  89 103
     89      2        13.5      4  88  90 103 104
     90      2        13.5      4  89  91 104 105
     91      2        13.5      4  90  92 105 106
     92      2          54      2  91 106
     93      2        12.6      2 107 110
     94      2        12.6      2 108 109
     95      2          54      2  96 106
     96      2        13.5      4  95  97 105 106
     97      2        13.5      4  96  98 104 105
     98      2        13.5      4  97  99 103 104
     99      2        13.5      3  98 100 103
    100      2        18.3      4  99 101 102 103
    101      2        18.3      4  84  85 100 102
    102      2        13.5      9  82  83  84  85  86  87 100 101 103
    103      2        18.3      8  87  88  89  98  99 100 102 104
    104      2        18.3      6  89  90  97  98 103 105
    105      2        18.3      6  90  91  96  97 104 106
    106      2          72      5  91  92  95  96 105
    107      2        18.3      2  93 110
    108      2         4.2      2  94 109
    109      2        18.3      2  94 108
    110      2         4.2      2  93 107
    111      2        18.3      2 112 114
    112      2        18.3      4 111 113 114 115
    113      2        18.3      2 112 115
    114      2        18.3      5 111 112 115 116 117
    115      2        13.5      5 112 113 114 116 117
    116      2        18.3      5 114 115 117 118 119
    117      2        13.5      5 114 115 116 118 119
    118      2        18.3      5 116 117 119 120 121
    119      2        13.5      5 116 117 118 120 121
    120      2        18.3      5 118 119 121 122 124
    121      2        13.5      5 118 119 120 122 124
    122      2          36      4 120 121 123 124
    123      2          18      4 122 124 125 126
    124      2        40.5      6 120 121 122 123 125 126
    125      2          18      5 123 124 126 127 128
    126      2        13.5      5 123 124 125 127 128
    127      2          36      4 125 126 128 130
    128      2          27      4 125 126 127 130
    129      2        14.5      1 130
    130      2        30.6      3 127 128 129

CONSTRAINTS
      0      0      0    102     84
      1      0      0     79     86
      2      0      0    144     21
      3      0      0    123     19
      4      0      0    124     18
      5      0      0    121    102
      6      0      0     34     46
      7      0      0    134     92
      8      0      0     28     95
      9      0      0    151     47
     10      0      0     80     83
     11      0      0     47    113
     12      0      0     23    111
     13      0      0     77     53
     14      0      0     35     30
     15      0      0     96     57
     16      0      0    122     67
     17      0      0     46     37
     18      0      0    125     48
     19      0      0     42     62
     20      0      0      6     72
     21      0      0    127     74
     22      0      0     91     77
     23      0      0     92     78
     24      0      0     68     80
     25      0      0     69     76
     26      0      0     67     79
     27      0      0     45    103
     28      0      0    112    104
     29      0      0    126    106
     30      0      0    150      4
     31      0      0      9     11
     32      0      0    135     15
     33      0      0      7      6
     34      0      0    145      5
     35      4      0    100     60
     36      4      0      0    100
     37      4      0     20     84
     38      4      0     71     20
     39      4      0     41     71
     40      4      0    154     87
     41      4      0     87    106
     42      4      0     50    109
     43      4      0    109     38
     44      4      0     72     19
     45      4      0      5    104
     46      4      0     74    137
     47      4      0      1     40
     48      4      0     40      4
     49      4      0     37    103
     50      4      0    103    120
     51      4      0     63    107
     52      4      0     83     16
     53      4      0     66    107
     54      4      0     16     66
     55      7      1    118    102
     56      7      0      3     47
     57      7      0    123    144
     58      7      0    124    144
     59      7      0    156     96
     60      7      0     95     96
     61      7      0     79    121
     62      7      0     52     28
     63      7      0     94     58
     64      7      0    119      3
     65      7      0    101    119
     66      7      0     59    101
     67      7      1      8      7
     68      7      1    149    145
     69      7      1     51     57
     70      7      1    152    144
     71      7      0     48    153
     72      7      0    151     34
     73      7      0    127      6
     74      7      0     69     67
     75      9      1      7     57
     76      9      0    150     57
     77      9      0    148    135
     78      9      0    149    135
     79      9      0    135     88
     80      9      0    135     54
     81      9      0    135     43
     82      9      0      9     32
     83      9      0     46     42
     84      9      1    115    141
     85      9      0     34     96
     86      9      1     32     33
     87      9      0     25     26
     88      9      1    122     57
     89      9      1    122     78
     90      9      0     69     34
     91      9      1     68     57
     92      9      0     30     33
     93      9      0    134    122
     94      9      0    142    141
     95      6      1      6     -1
     96      6      1      7     -1
     97      6      1      9     -1
     98      6      1     10     -1
     99      6      1     11     -1
    100      6      1     12     -1
    101      6      1     13     -1
    102      6      1     15     -1
    103      6      1     17     -1
    104      6      1     18     -1
    105      6      1     21     -1
    106      6      1     22     -1
    107      6      1     23     -1
    108      6      1     24     -1
    109      6      1     25     -1
    110      6      1     26     -1
    111      6      1     27     -1
    112      6      1     28     -1
    113      6      1     30     -1
    114      6      1     31     -1
    115      6      1     32     -1
    116      6      1     33     -1
    117      6      1     34     -1
    118      6      1     35     -1
    119      6      1     36     -1
    120      6      1     42     -1
    121      6      1     43     -1
    122      6      1     44     -1
    123      6      1     45     -1
    124      6      1     46     -1
    125      6      1     47     -1
    126      6      1     48     -1
    127      6      1     49     -1
    128      6      1     51     -1
    129      6      1     53     -1
    130      6      1     54     -1
    131      6      1     55     -1
    132      6      1     56     -1
    133      6      1     57     -1
    134      6      1     58     -1
    135      6      1     59     -1
    136      6      1     62     -1
    137      6      1     67     -1
    138      6      1     68     -1
    139      6      1     69     -1
    140      6      1     70     -1
    141      6      1     76     -1
    142      6      1     77     -1
    143      6      1     78     -1
    144      6      1     80     -1
    145      6      1     85     -1
    146      6      1     88     -1
    147      6      1     89     -1
    148      6      1     90     -1
    149      6      1     91     -1
    150      6      1     92     -1
    151      6      1     94     -1
    152      6      1     95     -1
    153      6      1     96     -1
    154      6      1     97     -1
    155      6      1     98     -1
    156      6      1     99     -1
    157      6      1    101     -1
    158      6      1    102     -1
    159      6      1    105     -1
    160      6      1    112     -1
    161      6      1    115     -1
    162      6      1    117     -1
    163      6      1    119     -1
    164      6      1    121     -1
    165      6      1    122     -1
    166      6      1    123     -1
    167      6      1    124     -1
    168      6      1    125     -1
    169      6      1    126     -1
    170      6      1    127     -1
    171      6      1    128     -1
    172      6      1    130     -1
    173      6      1    131     -1
    174      6      1    132     -1
    175      6      1    133     -1
    176      6      1    134     -1
    177      6      1    135     -1
    178      6      1    136     -1
    179      6      1    138     -1
    180      6      1    139     -1
    181      6      1    140     -1
    182      6      1    141     -1
    183      6      1    142     -1
    184      6      1    143     -1
    185      6      1    144     -1
    186      6      1    145     -1
    187      6      1    146     -1
    188      6      1    147     -1
    189      6      1    150     -1
    190      6      1    151     -1
    191      6      1    152     -1
    192      6      1    153     -1
    193      6      1    155     -1
    194      6      1    156     -1
    195      8      0    117      2
    196      8      0    117     16
    197      8      0    117     22
    198      8      0    117     29
    199      8      0    117     39
    200      8      0    117     61
    201      8      0    117     63
    202      8      0    117     64
    203      8      0    117     65
    204      8      0    117     66
    205      8      0    117     73
    206      8      0    117     74
    207      8      0    117     82
    208      8      0    117     83
    209      8      0    117     86
    210      8      0    117    107
    211      8      0    117    108
    212      8      0    117    137
    213      8      0      7      8
    214      8      0      7      9
    215      8      0      7     10
    216      8      0      7     11
    217      8      0      7     12
    218      8      0      7     13
    219      8      0      7     14
    220      8      0      7     15
    221      8      0    145    146
    222      8      0    145    147
    223      8      0    145    148
    224      8      0    145    149
    225      8      0    145    150
    226      8      0    121     52
    227      8      0    121     75
    228      8      0    121     79
    229      8      0    121    116
    230      8      0    121    118
    231      8      0    121    157
    232      8      0    105      0
    233      8      0    105     58
    234      8      0    105     60
    235      8      0    105     94
    236      8      0    105    100
    237      8      0     80     20
    238      8      0     80     35
    239      8      0     80     37
    240      8      0     80     41
    241      8      0     80     62
    242      8      0     80     71
    243      8      0     80     84
    244      8      0     80    103
    245      8      0     80    120
    246      8      0     77     48
    247      8      0     77     70
    248      8      0     77     95
    249      8      0     77    151
    250      8      0     77    153
    251      8      0     77    156
    252      8      0     47      3
    253      8      0     47     19
    254      8      0     47     38
    255      8      0     47     50
    256      8      0     47     59
    257      8      0     47     72
    258      8      0     47    101
    259      8      0     47    109
    260      8      0     47    110
    261      8      0     47    119
    262      8      0     23      5
    263      8      0     23     49
    264      8      0     23     81
    265      8      0     23    104
    266      8      0     36     17
    267      8      0     36     18
    268      8      0     36     87
    269      8      0     36    106
    270      8      0     36    138
    271      8      0     36    154
